"";"ME";"RMSE";"MAE";"MPE";"MAPE";"MASE";"ACF1";"Theil's U"
"Naive";35,0437972352548;74,3727158871222;59,8230281264466;7,48000183837252;19,6414780944025;2,76069880343331;0,777712068474054;1,52569379224324
"Seasonal Naive";9,0224729214476;22,5122746711803;16,437663232608;2,56909536558333;6,01732620046868;0,758561354025461;-0,160098865132982;0,565221728951636
"Drift";29,2393632144889;70,9760456716525;57,9135056611763;5,40137168663038;19,357649496989;2,67257861710877;0,778260076276365;1,48223083146531
"SES";35,0377042504333;74,369845118178;59,8209971315061;7,47773035214933;19,6411419415581;2,76060507756423;0,777712068474054;1,52566148064452
"Holt";290,298533343098;319,789759518987;290,298533343098;99,8978506587479;99,8978506587479;13,3966273312808;0,815260096510944;7,22963870722413
"HWA";0,974197115441883;25,0901220956943;19,1266871532015;-1,41840468581295;7,22763056800699;0,882653787198436;0,48862134487487;0,632048760502909
"HWM";-25,2293039290822;32,3296514776005;26,8904970344453;-9,68223040925207;10,1318608032074;1,24093622993821;0,2064640955802;0,799858561717971
"Dummy";-1,21447424720416;22,3992312471841;17,2498604426929;-2,04907873557469;6,62613827650736;0,517186285875584;0,585515785535811;-1,21447424720416
"Fourier";-1,21447424720415;22,3992312471842;17,249860442693;-2,04907873557469;6,62613827650737;0,517186285875586;0,58551578553581;-1,21447424720415
"ARIMA";65,2932280361491;92,5550580527154;73,1733574510106;18,7570962900029;22,6955098583135;3,37678661018663;0,777712068474054;1,8330741034592
"Seasonal ARIMA";-0,684408882320452;22,0250925907999;15,7520270504025;-1,76586482117582;6,05818047623426;0,726920779365746;0,380699192446791;0,580607879853718
